1001  7
1002  7
1003  7
1004  7
1005  7
1006  7
1007  7
1008  7
1009  7
1010  7
1011  7
1012  7
1013  7
1014  7
1015  7
1016  7
1017  7
1018  7
1019  7
1020  7
1021  7
1022  7
1023  7
1024  7
1025  7
1026  7
1027  7
1028  7
1029  7
1030  7
1031  7
1032  7
1033  7
1034  7
1035  7
1036  7
1037  7
1038  7
1039  7
1040  7
1041  7
1042  7
1043  7
1044  7
1045  7
1046  7
1047  7
1048  7
1049  7
1050  7
1051  7
1052  7
1053  7
1054  7
1055  7
1056  7
1057  7
1058  7
1059  7
1060  7
1061  7
1062  7
1063  7
1064  7
1065  7
1066  7
1067  7
1068  7
1069  7
1070  7
1071  7
1072  7
1073  7
1074  7
1075  7
1076  7
1077  7
1078  7
1079  7
1080  7
1081  7
1082  7
1083  7
1084  7
1085  7
1086  7
1087  7
1088  7
1089  7
1090  7
1091  7
1092  7
1093  7
1094  7
1095  7
1096  7
1097  7
1098  7
1099  7
1100  7
1101  7
1102  7
1103  7
1104  7
1105  7
1106  7
1107  7
1108  7
1109  7
1110  7
1111  7
1112  7
1113  7
1114  7
1115  7
1116  7
1117  7
1118  7
1119  7
1120  7
1121  7
1122  7
1123  7
1124  7
1125  7
1126  7
1127  7
1128  7
1129  7
1130  7
1131  7
1132  7
1133  7
1134  7
1135  7
1136  7
1137  7
1138  7
1139  7
1140  7
1141  7
1142  7
1143  7
1144  7
1145  7
1146  7
1147  7
1148  7
1149  7
1150  7
1151  7
1152  7
1153  7
1154  7
1155  7
1156  7
1157  7
1158  7
1159  7
1160  7
1161  7
1162  7
1163  7
1164  7
1165  7
1166  7
1167  7
1168  7
1169  7
1170  7
1171  7
1172  7
1173  7
1174  7
1175  7
1176  7
1177  7
1178  7
1179  7
1180  7
1181  7
1182  7
1183  7
1184  7
1185  7
1186  7
1187  7
1188  7
1189  7
1190  7
1191  7
1192  7
1193  7
1194  7
1195  7
1196  7
1197  7
1198  7
1199  7
1200  7
1201  7
1202  7
1203  7
1204  7
1205  7
1206  7
1207  7
1208  7
1209  7
1210  7
1211  7
1212  7
1213  7
1214  7
1215  7
1216  7
1217  7
1218  7
1219  7
1220  7
1221  7
1222  7
1223  7
1224  7
1225  7
1226  7
1227  7
1228  7
1229  7
1230  7
1231  7
1232  7
1233  7
1234  7
1235  7
1236  7
1237  7
1238  7
1239  7
1240  7
1241  7
1242  7
1243  7
1244  7
1245  7
1246  7
1247  7
1248  7
1249  7
1250  7
1251  7
1252  7
1253  7
1254  7
1255  7
1256  7
1257  7
1258  7
1259  7
1260  7
1261  7
1262  7
1263  7
1264  7
1265  7
1266  7
1267  7
1268  7
1269  7
1270  7
1271  7
1272  7
1273  7
1274  7
1275  7
1276  7
1277  7
1278  7
1279  7
1280  7
1281  7
1282  7
1283  7
1284  7
1285  7
1286  7
1287  7
1288  7
1289  7
1290  7
1291  7
1292  7
1293  7
1294  7
1295  7
1296  7
1297  7
1298  7
1299  7
1300  7
1301  7
1302  7
1303  7
1304  7
1305  7
1306  7
1307  7
1308  7
1309  7
1310  7
1311  7
1312  7
1313  7
1314  7
1315  7
1316  7
1317  7
1318  7
1319  7
1320  7
1321  7
1322  7
1323  7
1324  7
1325  7
1326  7
1327  7
1328  7
1329  7
1330  7
1331  7
1332  7
1333  7
1334  7
1335  7
1336  7
1337  7
1338  7
1339  7
1340  7
1341  7
1342  7
1343  7
1344  7
1345  7
1346  7
1347  7
1348  7
1349  7
1350  7
1351  7
1352  7
1353  7
1354  7
1355  7
1356  7
1357  7
1358  7
1359  7
1360  7
1361  7
1362  7
1363  7
1364  7
1365  7
1366  7
1367  7
1368  7
1369  7
1370  7
1371  7
1372  7
1373  7
1374  7
1375  7
1376  7
1377  7
1378  7
1379  7
1380  7
1381  7
1382  7
1383  7
1384  7
1385  7
1386  7
1387  7
1388  7
1389  7
1390  7
1391  7
1392  7
1393  7
1394  7
1395  7
1396  7
1397  7
1398  7
1399  7
1400  7
1401  7
1402  7
1403  7
1404  7
1405  7
1406  7
1407  7
1408  7
1409  7
1410  7
1411  7
1412  7
1413  7
1414  7
1415  7
1416  7
1417  7
1418  7
1419  7
1420  7
1421  7
1422  7
1423  7
1424  7
1425  7
1426  7
1427  7
1428  7
1429  7
1430  7
1431  7
1432  7
1433  7
1434  7
1435  7
1436  7
1437  7
1438  7
1439  7
1440  7
1441  7
1442  7
1443  7
1444  7
1445  7
1446  7
1447  7
1448  7
1449  7
1450  7
1451  7
1452  7
1453  7
1454  7
1455  7
1456  7
1457  7
1458  7
1459  7
1460  7
1461  7
1462  7
1463  7
1464  7
1465  7
1466  7
1467  7
1468  7
1469  7
1470  7
1471  7
1472  7
1473  7
1474  7
1475  7
1476  7
1477  7
1478  7
1479  7
1480  7
1481  7
1482  7
1483  7
1484  7
1485  7
1486  7
1487  7
1488  7
1489  7
1490  7
1491  7
1492  7
1493  7
1494  7
1495  7
1496  7
1497  7
1498  7
1499  7
1500  7
1501  7
1502  7
1503  7
1504  7
1505  7
1506  7
1507  7
1508  7
1509  7
1510  7
1511  7
1512  7
1513  7
1514  7
1515  7
1516  7
1517  7
1518  7
1519  7
1520  7
1521  7
1522  7
1523  7
1524  7
1525  7
1526  7
1527  7
1528  7
1529  7
1530  7
1531  7
1532  7
1533  7
1534  7
1535  7
1536  7
1537  7
1538  7
1539  7
1540  7
1541  7
1542  7
1543  7
1544  7
1545  7
1546  7
1547  7
1548  7
1549  7
1550  7
1551  7
1552  7
1553  7
1554  7
1555  7
1556  7
1557  7
1558  7
1559  7
1560  7
1561  7
1562  7
1563  7
1564  7
1565  7
1566  7
1567  7
1568  7
1569  7
1570  7
1571  7
1572  7
1573  7
1574  7
1575  7
1576  7
1577  7
1578  7
1579  7
1580  7
1581  7
1582  7
1583  7
1584  7
1585  7
1586  7
1587  7
1588  7
1589  7
1590  7
1591  7
1592  7
1593  7
1594  7
1595  7
1596  7
1597  7
1598  7
1599  7
1600  7
1601  7
1602  7
1603  7
1604  7
1605  7
1606  7
1607  7
1608  7
1609  7
1610  7
1611  7
1612  7
1613  7
1614  7
1615  7
1616  7
1617  7
1618  7
1619  7
1620  7
1621  7
1622  7
1623  7
1624  7
1625  7
1626  7
1627  7
1628  7
1629  7
1630  7
1631  7
1632  7
1633  7
1634  7
1635  7
1636  7
1637  7
1638  7
1639  7
1640  7
1641  7
1642  7
1643  7
1644  7
1645  7
1646  7
1647  7
1648  7
1649  7
1650  7
1651  7
1652  7
1653  7
1654  7
1655  7
1656  7
1657  7
1658  7
1659  7
1660  7
1661  7
1662  7
1663  7
1664  7
1665  7
1666  7
1667  7
1668  7
1669  7
1670  7
1671  7
1672  7
1673  7
1674  7
1675  7
1676  7
1677  7
1678  7
1679  7
1680  7
1681  7
1682  7
1683  7
1684  7
1685  7
1686  7
1687  7
1688  7
1689  7
1690  7
1691  7
1692  7
1693  7
1694  7
1695  7
1696  7
1697  7
1698  7
1699  7
1700  7
1701  7
1702  7
1703  7
1704  7
1705  7
1706  7
1707  7
1708  7
1709  7
1710  7
1711  7
1712  7
1713  7
1714  7
1715  7
1716  7
1717  7
1718  7
1719  7
1720  7
1721  7
1722  7
1723  7
1724  7
1725  7
1726  7
1727  7
1728  7
1729  7
1730  7
1731  7
1732  7
1733  7
1734  7
1735  7
1736  7
1737  7
1738  7
1739  7
1740  7
1741  7
1742  7
1743  7
1744  7
1745  7
1746  7
1747  7
1748  7
1749  7
1750  7
1751  7
1752  7
1753  7
1754  7
1755  7
1756  7
1757  7
1758  7
1759  7
1760  7
1761  7
1762  7
1763  7
1764  7
1765  7
1766  7
1767  7
1768  7
1769  7
1770  7
1771  7
1772  7
1773  7
1774  7
1775  7
1776  7
1777  7
1778  7
1779  7
1780  7
1781  7
1782  7
1783  7
1784  7
1785  7
1786  7
1787  7
1788  7
1789  7
1790  7
1791  7
1792  7
1793  7
1794  7
1795  7
1796  7
1797  7
1798  7
1799  7
1800  7
1801  7
1802  7
1803  7
1804  7
1805  7
1806  7
1807  7
1808  7
1809  7
1810  7
1811  7
1812  7
1813  7
1814  7
1815  7
1816  7
1817  7
1818  7
1819  7
1820  7
1821  7
1822  7
1823  7
1824  7
1825  7
1826  7
1827  7
1828  7
1829  7
1830  7
1831  7
1832  7
1833  7
1834  7
1835  7
1836  7
1837  7
1838  7
1839  7
1840  7
1841  7
1842  7
1843  7
1844  7
1845  7
1846  7
1847  7
1848  7
1849  7
1850  7
1851  7
1852  7
1853  7
1854  7
1855  7
1856  7
1857  7
1858  7
1859  7
1860  7
1861  7
1862  7
1863  7
1864  7
1865  7
1866  7
1867  7
1868  7
1869  7
1870  7
1871  7
1872  7
1873  7
1874  7
1875  7
1876  7
1877  7
1878  7
1879  7
1880  7
1881  7
1882  7
1883  7
1884  7
1885  7
1886  7
1887  7
1888  7
1889  7
1890  7
1891  7
1892  7
1893  7
1894  7
1895  7
1896  7
1897  7
1898  7
1899  7
1900  7
1901  7
1902  7
1903  7
1904  7
1905  7
1906  7
1907  7
1908  7
1909  7
1910  7
1911  7
1912  7
1913  7
1914  7
1915  7
1916  7
1917  7
1918  7
1919  7
1920  7
1921  7
1922  7
1923  7
1924  7
1925  7
1926  7
1927  7
1928  7
1929  7
1930  7
1931  7
1932  7
1933  7
1934  7
1935  7
1936  7
1937  7
1938  7
1939  7
1940  7
1941  7
1942  7
1943  7
1944  7
1945  7
1946  7
1947  7
1948  7
1949  7
1950  7
1951  7
1952  7
1953  7
1954  7
1955  7
1956  7
1957  7
1958  7
1959  7
1960  7
1961  7
1962  7
1963  7
1964  7
1965  7
1966  7
1967  7
1968  7
1969  7
1970  7
1971  7
1972  7
1973  7
1974  7
1975  7
1976  7
1977  7
1978  7
1979  7
1980  7
1981  7
1982  7
1983  7
1984  7
1985  7
1986  7
1987  7
1988  7
1989  7
1990  7
1991  7
1992  7
1993  7
1994  7
1995  7
1996  7
1997  7
1998  7
1999  7
2000  7
1001  15.4521
1002  13.5655
1003  14.8945
1004  14.9656
1005  13.7731
1006  15.1707
1007  13.0134
1008  13.4998
1009  15.0067
1010  13.6637
1011  14.0583
1012  14.5155
1013  13.8582
1014  12.4464
1015  15.4044
1016  16.098
1017  14.7667
1018  13.5974
1019  14.806
1020  14.3569
1021  13.7353
1022  12.4903
1023  15.0826
1024  13.2228
1025  13.6654
1026  14.2109
1027  14.3633
1028  12.3148
1029  14.4061
1030  13.9226
1031  14.2224
1032  12.1881
1033  15.3182
1034  14.4589
1035  12.4395
1036  14.7154
1037  14.7932
1038  13.4034
1039  14.3757
1040  14.6868
1041  13.2795
1042  14.9844
1043  14.3001
1044  13.6105
1045  14.2975
1046  14.099
1047  15.7042
1048  14.0753
1049  14.0508
1050  12.7932
1051  14.0222
1052  13.0152
1053  14.6714
1054  15.4548
1055  13.9591
1056  14.1496
1057  13.8915
1058  14.4314
1059  14.1953
1060  13.423
1061  14.3757
1062  14.566
1063  14.5907
1064  14.6807
1065  13.3265
1066  14.7155
1067  14.7661
1068  14.9055
1069  14.3375
1070  14.3696
1071  13.7626
1072  13.4017
1073  15.9548
1074  13.3785
1075  13.8523
1076  13.3284
1077  14.8894
1078  13.5654
1079  12.758
1080  13.5278
1081  14.1989
1082  13.6722
1083  14.0764
1084  17.1026
1085  15.2642
1086  14.2667
1087  14.4413
1088  13.9746
1089  15.2473
1090  13.6806
1091  13.5349
1092  11.3808
1093  13.988
1094  13.1797
1095  13.1449
1096  14.1033
1097  12.428
1098  14.9885
1099  14.9963
1100  14.3001
1101  12.901
1102  13.1611
1103  15.0419
1104  13.9184
1105  11.3324
1106  15.9147
1107  13.696
1108  13.4805
1109  14.6402
1110  14.5848
1111  12.1735
1112  15.4072
1113  14.0438
1114  13.108
1115  13.8227
1116  15.0592
1117  14.2033
1118  14.6084
1119  13.2024
1120  14.0174
1121  15.7056
1122  14.4949
1123  14.0292
1124  13.7558
1125  12.3055
1126  14.1883
1127  14.9639
1128  12.9167
1129  15.1815
1130  14.721
1131  14.2186
1132  13.7935
1133  16.2664
1134  14.1407
1135  14.9267
1136  12.8733
1137  14.3246
1138  15.4745
1139  15.0982
1140  14.2658
1141  15.07
1142  14.845
1143  13.0523
1144  12.5378
1145  16.0071
1146  14.7165
1147  14.0917
1148  13.9887
1149  14.6403
1150  14.2607
1151  14.8826
1152  13.7541
1153  13.9354
1154  14.6166
1155  12.1533
1156  14.4902
1157  12.9043
1158  13.6482
1159  14.3681
1160  15.3704
1161  14.0453
1162  14.1915
1163  14.4172
1164  13.7191
1165  13.1003
1166  15.208
1167  13.8977
1168  12.5162
1169  13.4108
1170  13.9324
1171  13.9685
1172  15.1365
1173  15.3916
1174  14.2905
1175  14.7296
1176  13.5903
1177  11.3445
1178  14.4818
1179  14.7735
1180  11.0773
1181  12.8016
1182  15.6145
1183  13.3453
1184  13.7921
1185  14.0709
1186  14.282
1187  13.8518
1188  15.1792
1189  15.3821
1190  14.2308
1191  13.0996
1192  13.5445
1193  13.4464
1194  14.9995
1195  11.858
1196  14.7345
1197  12.3812
1198  13.1231
1199  14.2583
1200  13.2192
1201  13.7502
1202  13.7303
1203  12.7534
1204  13.1817
1205  12.4969
1206  12.0187
1207  12.7713
1208  13.6797
1209  16.429
1210  13.7474
1211  12.2908
1212  14.5734
1213  12.8666
1214  14.6522
1215  14.6045
1216  14.4477
1217  15.6752
1218  14.9104
1219  15.5882
1220  13.6305
1221  13.7777
1222  13.5754
1223  15.9696
1224  12.9285
1225  13.3209
1226  15.7345
1227  14.8678
1228  14.2604
1229  16.5816
1230  14.365
1231  13.1638
1232  13.2925
1233  14.7214
1234  13.1362
1235  14.3948
1236  14.4746
1237  16.8068
1238  14.1768
1239  13.2048
1240  13.2111
1241  14.7595
1242  13.8421
1243  14.0359
1244  15.2077
1245  15.7467
1246  14.3086
1247  13.2958
1248  13.9304
1249  12.1723
1250  13.8964
1251  14.8645
1252  14.019
1253  14.8703
1254  14.3816
1255  13.9931
1256  14.0016
1257  14.0553
1258  13.8395
1259  12.4864
1260  15.3887
1261  13.6088
1262  13.001
1263  13.05
1264  14.3483
1265  12.5512
1266  13.2442
1267  14.8019
1268  14.3295
1269  15.0169
1270  14.0505
1271  12.23
1272  15.2898
1273  15.1018
1274  15.0892
1275  12.5218
1276  16.567
1277  13.8436
1278  12.6058
1279  14.4861
1280  12.3406
1281  15.7306
1282  12.0328
1283  13.1115
1284  14.7792
1285  13.9984
1286  14.969
1287  15.5932
1288  14.4224
1289  15.3808
1290  12.9158
1291  15.0888
1292  13.7856
1293  14.0882
1294  12.1587
1295  15.7289
1296  14.0997
1297  13.1414
1298  14.9016
1299  13.849
1300  16.3601
1301  11.6077
1302  16.8965
1303  12.8068
1304  14.2879
1305  14.125
1306  13.1693
1307  13.4284
1308  13.6706
1309  14.5743
1310  17.2251
1311  13.5464
1312  14.8059
1313  15.6181
1314  12.5452
1315  15.1533
1316  13.9036
1317  13.3113
1318  14.4311
1319  14.5091
1320  14.5096
1321  14.6946
1322  15.7317
1323  14.55
1324  14.5825
1325  14.8715
1326  13.2981
1327  13.531
1328  14.858
1329  14.1345
1330  13.9892
1331  14.4973
1332  13.6336
1333  13.1712
1334  15.6432
1335  15.548
1336  15.0039
1337  13.6026
1338  15.269
1339  15.1102
1340  14.9227
1341  14.0603
1342  13.9754
1343  13.6228
1344  15.161
1345  12.4685
1346  12.1405
1347  13.7302
1348  16.662
1349  15.9899
1350  14.2125
1351  14.2645
1352  14.7062
1353  15.6078
1354  14.9457
1355  13.9861
1356  14.7672
1357  13.1759
1358  13.8773
1359  13.7306
1360  16.1725
1361  13.5226
1362  14.7756
1363  14.188
1364  13.8568
1365  13.4215
1366  14.1001
1367  15.1546
1368  16.512
1369  13.5301
1370  14.3465
1371  14.9165
1372  13.6029
1373  13.4823
1374  13.2468
1375  12.8721
1376  13.1831
1377  13.34
1378  15.0137
1379  15.3713
1380  14.5932
1381  15.332
1382  14.0869
1383  14.619
1384  13.1086
1385  14.9508
1386  12.784
1387  14.1729
1388  14.0241
1389  13.5757
1390  14.139
1391  12.9113
1392  14.1564
1393  14.7005
1394  14.3353
1395  14.6781
1396  13.296
1397  13.7423
1398  13.99
1399  14.0838
1400  14.0695
1401  14.0397
1402  15.3242
1403  14.2593
1404  13.7697
1405  13.6759
1406  13.4796
1407  13.554
1408  14.363
1409  14.1919
1410  13.4988
1411  13.8904
1412  12.2181
1413  12.7072
1414  14.6181
1415  13.0118
1416  14.5921
1417  13.4006
1418  14.6341
1419  13.8854
1420  13.3124
1421  14.2942
1422  12.793
1423  14.0955
1424  13.6116
1425  12.901
1426  13.7459
1427  12.7347
1428  13.9531
1429  14.0127
1430  15.2709
1431  14.1806
1432  13.0896
1433  12.1672
1434  12.0003
1435  13.1411
1436  13.6585
1437  14.9162
1438  12.5156
1439  12.4715
1440  15.1521
1441  13.8598
1442  14.0041
1443  12.5218
1444  15.0988
1445  14.7376
1446  13.5343
1447  13.6997
1448  13.1899
1449  13.8958
1450  13.8529
1451  14.3094
1452  13.057
1453  15.359
1454  14.4077
1455  14.7846
1456  15.1872
1457  13.9414
1458  14.2468
1459  12.3474
1460  12.3674
1461  13.7609
1462  15.224
1463  14.1362
1464  15.702
1465  14.0122
1466  10.8835
1467  13.3704
1468  14.8832
1469  14.704
1470  13.6689
1471  13.3617
1472  13.2927
1473  12.8959
1474  13.1855
1475  13.8494
1476  14.3411
1477  14.6601
1478  14.3453
1479  11.7824
1480  14.817
1481  13.9798
1482  15.3974
1483  13.6406
1484  15.2113
1485  13.7754
1486  14.1123
1487  16.158
1488  15.9719
1489  12.1167
1490  14.1751
1491  14.2389
1492  14.0905
1493  15.1756
1494  11.0116
1495  14.3007
1496  13.9143
1497  14.7386
1498  14.0799
1499  14.4158
1500  15.7244
1501  12.9915
1502  14.7418
1503  13.8641
1504  13.8957
1505  15.6413
1506  14.6466
1507  15.0921
1508  14.1179
1509  13.7755
1510  15.1444
1511  14.3557
1512  12.8689
1513  13.7297
1514  13.325
1515  15.3252
1516  13.5451
1517  17.1985
1518  12.9139
1519  12.3031
1520  15.0727
1521  14.4332
1522  13.5605
1523  14.3462
1524  14.5148
1525  13.4158
1526  15.0206
1527  15.0542
1528  15.1931
1529  13.8082
1530  14.0057
1531  14.4585
1532  13.2358
1533  14.288
1534  12.492
1535  14.054
1536  15.5419
1537  14.1402
1538  14.4691
1539  12.1861
1540  15.5571
1541  15.885
1542  14.8149
1543  15.0484
1544  15.65
1545  14.0794
1546  12.9451
1547  13.8627
1548  12.6566
1549  14.244
1550  13.7249
1551  14.5213
1552  14.4198
1553  15.7664
1554  14.552
1555  13.8605
1556  13.4793
1557  14.9364
1558  14.3164
1559  15.1802
1560  15.0064
1561  14.7277
1562  13.9889
1563  12.1492
1564  12.4892
1565  13.1734
1566  13.7851
1567  14.2681
1568  14.1863
1569  13.6226
1570  14.4374
1571  13.7456
1572  13.0518
1573  13.4496
1574  15.0071
1575  14.3671
1576  13.6236
1577  14.5406
1578  12.9883
1579  12.362
1580  14.1451
1581  13.4895
1582  14.8684
1583  15.3461
1584  14.7567
1585  14.0059
1586  13.7454
1587  15.2342
1588  14.9637
1589  13.5963
1590  12.5806
1591  14.8235
1592  12.4129
1593  13.4137
1594  12.7302
1595  13.0717
1596  13.6245
1597  12.0824
1598  15.0468
1599  14.6513
1600  15.0626
1601  13.5623
1602  14.798
1603  13.2026
1604  14.3032
1605  14.0083
1606  13.4532
1607  14.5638
1608  13.4208
1609  12.7863
1610  13.6133
1611  14.1205
1612  14.5394
1613  15.2228
1614  12.2814
1615  15.3793
1616  14.4822
1617  13.0744
1618  13.442
1619  15.7269
1620  14.0921
1621  13.7931
1622  12.2931
1623  15.6868
1624  13.0266
1625  13.9799
1626  12.8771
1627  13.3979
1628  13.9929
1629  13.4035
1630  14.5989
1631  12.867
1632  12.9826
1633  12.4142
1634  14.1911
1635  13.8153
1636  14.8328
1637  13.3475
1638  15.7625
1639  14.7902
1640  15.3178
1641  14.8202
1642  13.5996
1643  13.9718
1644  12.4866
1645  14.026
1646  13.9882
1647  13.416
1648  15.9274
1649  12.4079
1650  11.7848
1651  13.4243
1652  14.7127
1653  13.1958
1654  15.031
1655  13.5449
1656  15.3251
1657  14.9808
1658  13.4121
1659  12.1421
1660  16.0139
1661  15.9973
1662  13.5939
1663  13.7617
1664  14.1748
1665  11.9599
1666  14.1515
1667  14.8727
1668  12.458
1669  13.6755
1670  14.3611
1671  14.6371
1672  16.1075
1673  14.7953
1674  13.2353
1675  13.7735
1676  14.0837
1677  14.7322
1678  14.1865
1679  13.76
1680  14.5525
1681  13.4483
1682  14.7338
1683  13.332
1684  13.9371
1685  14.4327
1686  14.2809
1687  14.9343
1688  14.7507
1689  14.401
1690  14.0486
1691  13.1075
1692  13.2751
1693  15.6929
1694  14.569
1695  12.8392
1696  14.8936
1697  14.9171
1698  14.7744
1699  13.8699
1700  13.6114
1701  15.7521
1702  12.9896
1703  13.972
1704  15.1005
1705  14.8975
1706  12.1486
1707  14.2625
1708  14.3242
1709  14.3309
1710  13.8252
1711  13.4714
1712  14.3761
1713  14.7588
1714  13.1062
1715  13.6449
1716  11.4265
1717  13.5002
1718  12.9008
1719  14.929
1720  14.8554
1721  13.6522
1722  15.6752
1723  12.5301
1724  14.9787
1725  13.9777
1726  12.9669
1727  13.5877
1728  14.6993
1729  13.3225
1730  15.9947
1731  13.2763
1732  14.9849
1733  13.6213
1734  12.8751
1735  14.4397
1736  13.3581
1737  15.3498
1738  15.0076
1739  13.3945
1740  14.1561
1741  13.1118
1742  12.9492
1743  15.1249
1744  14.0345
1745  11.9525
1746  14.1486
1747  13.7988
1748  14.0499
1749  14.4075
1750  12.5633
1751  12.5005
1752  13.2586
1753  12.4772
1754  14.1897
1755  14.1061
1756  16.2124
1757  14.969
1758  13.3317
1759  14.0994
1760  13.6949
1761  15.0028
1762  13.5058
1763  14.1493
1764  14.6197
1765  14.3827
1766  15.2346
1767  12.774
1768  13.2503
1769  13.2972
1770  14.4608
1771  12.5727
1772  13.2672
1773  13.759
1774  12.502
1775  13.6171
1776  16.3261
1777  13.385
1778  15.648
1779  12.4508
1780  15.2827
1781  13.7799
1782  11.81
1783  13.9404
1784  14.4184
1785  12.5956
1786  13.5199
1787  15.2834
1788  13.2149
1789  13.1266
1790  14.8115
1791  14.04
1792  12.5174
1793  13.8371
1794  13.3896
1795  14.7271
1796  13.2393
1797  13.612
1798  14.018
1799  13.4195
1800  12.6442
1801  12.8846
1802  12.2376
1803  12.6688
1804  12.4206
1805  15.3011
1806  13.814
1807  13.555
1808  14.7287
1809  13.1976
1810  15.3763
1811  16.2785
1812  15.2034
1813  15.5131
1814  13.9537
1815  13.8934
1816  13.667
1817  13.0593
1818  14.5921
1819  12.0459
1820  14.2741
1821  14.3988
1822  13.2943
1823  14.0652
1824  14.02
1825  13.7436
1826  13.1286
1827  13.9409
1828  14.7985
1829  12.5847
1830  14.9008
1831  14.4964
1832  12.383
1833  14.6655
1834  13.2019
1835  13.8397
1836  13.1316
1837  15.0101
1838  13.7726
1839  12.5062
1840  13.1482
1841  14.4326
1842  13.3919
1843  14.8457
1844  13.3364
1845  13.3841
1846  14.4706
1847  13.1867
1848  13.7695
1849  13.6962
1850  13.2307
1851  14.7622
1852  11.8245
1853  13.1477
1854  14.3875
1855  15.6528
1856  15.0353
1857  13.8579
1858  14.324
1859  15.7346
1860  12.3894
1861  14.1352
1862  14.3283
1863  14.4594
1864  14.2729
1865  13.0708
1866  14.4201
1867  14.2199
1868  13.1069
1869  15.7054
1870  15.1652
1871  14.048
1872  12.119
1873  14.0912
1874  16.7492
1875  12.7513
1876  14.2747
1877  14.0466
1878  14.3217
1879  12.3165
1880  12.8816
1881  14.6011
1882  13.2284
1883  14.0671
1884  15.2732
1885  13.682
1886  13.1077
1887  14.6101
1888  14.213
1889  15.8957
1890  13.979
1891  13.3196
1892  13.3785
1893  15.3839
1894  12.7377
1895  14.0925
1896  12.0089
1897  12.8045
1898  14.8819
1899  13.7205
1900  14.7258
1901  14.4269
1902  13.5946
1903  14.5443
1904  13.9796
1905  13.2589
1906  13.4877
1907  13.5221
1908  12.2113
1909  14.302
1910  12.8648
1911  15.0112
1912  11.7975
1913  13.0074
1914  14.942
1915  14.9204
1916  14.1725
1917  13.3511
1918  14.3824
1919  14.0974
1920  12.9412
1921  14.33
1922  16.2946
1923  13.7615
1924  13.014
1925  12.7241
1926  13.8648
1927  13.919
1928  15.1687
1929  13.4361
1930  14.7016
1931  13.3801
1932  13.876
1933  14.2071
1934  11.2404
1935  13.1038
1936  14.4679
1937  13.8778
1938  15.0576
1939  13.4578
1940  15.137
1941  13.2533
1942  15.795
1943  14.4834
1944  13.6886
1945  13.4046
1946  16.0539
1947  13.8623
1948  13.863
1949  12.0448
1950  13.8801
1951  16.8327
1952  14.5645
1953  15.741
1954  14.5311
1955  11.6883
1956  13.875
1957  15.0515
1958  15.6409
1959  13.1434
1960  15.0085
1961  14.9554
1962  14.0403
1963  13.3757
1964  14.4033
1965  13.8673
1966  13.7248
1967  14.2657
1968  14.0982
1969  13.994
1970  15.0842
1971  15.0179
1972  15.2935
1973  14.4345
1974  13.5239
1975  13.1933
1976  15.0537
1977  13.1592
1978  13.6898
1979  11.905
1980  14.7396
1981  13.5611
1982  12.5573
1983  12.5126
1984  14.8035
1985  13.4349
1986  14.4368
1987  13.225
1988  12.7763
1989  13.3191
1990  14.5333
1991  14.5957
1992  13.5114
1993  13.7065
1994  14.8582
1995  12.8776
1996  13.0901
1997  13.6302
1998  12.9448
1999  11.7644
2000  13.9945
